0.001 -299785
0.00132571 -295834
0.00175751 -295552
0.00232995 -286266
0.00308884 -280708
0.00409492 -303152
0.00542868 -307031
0.00719686 -286480
0.00954095 -305278
0.0126486 -292884
0.0167683 -287076
0.02223 -299577
0.0294705 -276804
0.0390694 -297444
0.0517947 -304995
0.0686649 -288269
0.0910298 -301525
0.120679 -291127
0.159986 -295378
0.212095 -302367
0.281177 -278831
0.372759 -287184
0.494171 -294205
0.655129 -302630
0.868511 -278620
1.1514 -267554
1.52642 -288946
2.02359 -269898
2.6827 -299243
3.55648 -265280
4.71487 -266501
6.25055 -244960
8.28643 -244126
10.9854 -206887
14.5635 -213529
19.307 -183557
25.5955 -189017
33.9322 -146241
44.9843 -145276
59.6362 -119630
79.0604 -107800
104.811 -81536.1
138.95 -65974.2
184.207 -47362.7
244.205 -61286.4
323.746 -39796.4
429.193 -43513.4
568.987 -23764.4
754.312 -35336.8
1000 -8550.43
